0
0
0
0
0
0
0
0
0
0
0
79
79
79
79
79
1388
1388
1388
1388
1388
1451
1451
1451
1451
1451
1510
1510
1510
1510
1525
1525
1525
1524
1524
1524
1524
1524
1524
1524
1524
1524
1171
1171
1171
1171
1171
1156
1156
1156
1156
1157
1157
1157
1157
1157
1184
1184
1184
1184
1184
1216
1216
1216
1216
1216
1201
1201
1201
1201
1201
1201
1201
1201
1201
1201
1169
1169
1169
1169
1169
1155
1155
1155
1155
1155
1156
1156
1156
1156
66
1167
1167
1167
1167
1154
1154
1154
1154
1154
1154
1154
1154
1154
1154
1165
1166
1166
1166
1166
1166
1167
1167
1167
1167
1167
1152
1152
1152
1152
1152
1153
1153
1153
1153
1153
1468
1468
1468
1468
1468
1561
1561
1561
1561
1561
1671
1671
1671
1671
1671
1807
1807
1807
1807
1807
1851
1851
1851
1851
1851
1836
1836
1836
1836
1836
1850
1850
1850
1850
1850
1784
1784
1784
1784
1784
1784
1784
1784
1785
1785
1785
1785
1785
1604
1604
1604
1604
1572
1572
1572
1572
1572
1573
1547
1547
1547
1547
1547
1529
1529
1529
1529
1529
1501
1501
1501
1501
1501
1529
